""	"VdnDe2_86784"	"PBdnRY1_7025"	"VdnPW5_1541"	"CLCdnPW10_11437"	"CLCdnDe6_4953"	"CLCdnPW12_1472"	"CLCdnPW49_8560"	"VdnPW4_18801"	"SdnRY1_10712"	"CLCdnDe2_311"	"CLCdnDe13_63179"	"CLCdnDe10_24187"	"TDe_comp110944_c2_seq4"	"CLCdnPW48_15164"	"CLCdnPW31_956"	"VdnDe1_162036"	"PBdnRY1_2239"	"CLCdnPW22_15452"	"VdnPW3_37011"	"SdnPW1_46"	"VdnDe2_53978"	"CLCdnDe7_6144"	"CLCdnRY10_6741"	"PBdnRY1_5389"	"VdnDe4_115100"	"Sotub11g025210.1.1"	"VdnDe1_39992"	"VdnPW4_15664"	"Glukose"	"Fructose"	"Sucrose"	"Starch"	"Asp"	"Glu"	"Asn"	"Ser"	"Gln"	"Gly"	"His"	"Arg"	"Thr"	"Ala"	"Pro"	"Tyr"	"Val"	"Met"	"Ile"	"Lys"	"Leu"	"Phe"	"IAA"	"oxIAA"	"IAA.Asp"	"ABA"	"PA"	"DPA"	"SA"	"JA"	"JA.Ile"	"X9.10.dhJA"	"X12.OH.JA"	"cisOPDA"	"RbohA"	"SnRK2"	"ACO2"	"HSP70"	"PR1b"	"RD29B"	"X13.LOX"	"P5CS"	"ERF1"	"CAT1"	"SWEET"	"SP6A"	"M0ZJG3"	"FW_SH_Total"	"DW_SH_Total"	"TOP.AREA"	"COMPACTNESS"	"Fv.Fm"	"qL"	"deltaT"	"WATER.CONSUMPTION"
"VdnDe2_86784"	0	4.82065884429612	4.84747730147882	5.98195130140688	5.25842180227919	7.66441355739198	7.17432963846378	7.45518730655918	6.9919014311119	6.93840739050672	7.38132560506133	4.99105745876258	7.81402513504039	6.58392587385317	6.64699491420569	7.16695772115216	7.41551919367259	7.99290563389317	7.78132442831804	7.75007950810534	5.93527788727947	6.86202641052723	4.59021144429689	7.52346935393678	7.10063807768508	8.21493655715198	6.34008883581683	6.20070439668918	7.87878419278282	7.87332615119788	7.60739119321012	7.58669646343183	7.55900555484079	7.78590619090474	6.79241756578944	6.83403559934355	4.59020263588195	7.44878684487404	7.09384688826748	7.25985346364364	6.77143940161528	5.49760510876116	7.19288475968621	6.80506579760603	7.72231054286966	5.10768233871115	7.25193913890581	7.12296277386655	8.04774927867181	6.50676290221263	6.51754448931835	7.08451309758251	7.20320417265911	7.92419876828801	8.58944008613803	7.68613370618635	7.10249151958123	5.91045517290323	6.99368356848998	7.18795013571595	7.41487817221459	8.06533326536952	6.33699698365856	6.53298451928961	6.73861614722312	6.52142193988355	6.911111678757	7.60783644982263	6.85902943130039	6.37916497166984	6.01639408311897	6.67009746672465	6.4280344359465	6.77240299953897	6.62728352552382	7.08388797763445	7.85948077511773	8.00527749113598	8.16465197499876	4.71084759480076	5.91162428554766	8.37175411120758	6.91921347188141
"PBdnRY1_7025"	4.82065884429612	0	4.43662079270668	5.99401414449234	4.02846603360472	7.57437689783966	7.75024737722257	7.87745988147591	6.67174621034349	6.35359722406667	8.16523190359175	6.28418492989548	7.29062512084542	6.87867889002737	7.86054408477961	6.07188012005797	8.30018303958116	6.95155427720983	8.38932913377502	8.42762345769322	6.15736438699581	6.33717442143136	3.72632627764703	8.42785251250652	8.5837085973829	8.11382820433897	6.08697333929962	4.83774160365956	8.89376210215916	8.559697178832	7.84550281290727	8.01730877684905	7.93859049384842	7.20298384522135	6.32024629617988	6.75840208723066	4.054872391722	8.47259140168122	8.26238580091186	7.82708561222145	7.47567731471531	5.22497851167693	7.93562799055435	7.74271675947521	8.30404858979172	5.67530739519473	8.36675755527624	7.970702783601	7.45815514192474	7.60994643071841	7.33111368166977	6.98974954268303	6.10685783373083	8.64007887111605	8.30971951323282	8.56702180846817	8.28763688964676	6.80041961776148	7.96185895543822	6.82411772455394	8.17362981931137	8.41385707820761	6.6041064070804	6.44853799894949	6.47496521374345	6.68857134699875	6.78360348642118	8.0764912789288	7.15220359898886	6.50508643286541	6.45916915689984	6.73695840275713	6.57153569140769	6.86439941892336	6.91487935584248	7.9660709857889	8.54532410765436	7.74025894402668	7.93342251806357	4.19121893049042	5.10454285797546	8.42992089421597	5.9588238111163
"VdnPW5_1541"	4.84747730147882	4.43662079270668	0	7.43078671719585	5.72999090349793	6.85407475623254	7.33352593257523	8.61775352772534	7.29140853507299	7.21441721408667	8.02442096984436	6.00079564415157	6.97054331436158	6.26327135586654	7.63664488974895	6.33378213823602	7.28590708392888	6.72628226079737	7.85230386143118	7.43093982809759	6.54222043955431	6.25330670573327	4.3901805548001	7.64518027329482	8.21941833109531	7.62622770325197	6.08084802456736	7.30302123069342	7.49452234794379	7.19831643283548	6.09693464543899	6.93197209051119	8.2266149495491	7.72060173477629	7.14998100379431	7.63832775598119	5.40718674428997	7.90527975273044	7.21763577398875	7.67816134535685	7.27624283939778	6.03691960946368	6.88850465433636	6.810980893054	7.4117867579084	6.4565416414514	7.66172971235434	6.89149227032707	6.94611460024149	8.0113879326029	8.10818198944753	6.634583861101	7.15931129489335	6.86840404157362	7.29610353315051	7.09034968724049	7.44172110905352	7.38483474758966	6.90901389533983	6.6743741987455	7.93118837662928	7.13473647381566	6.47228390304479	6.04358487772548	6.11939918246451	6.13575018269527	6.25761796800964	6.95950487297514	6.68609050017469	5.85240506144133	6.04263190454468	6.30447994075098	6.04548817208173	6.53263758516609	6.38977190355075	7.35682180474729	7.6314657802166	8.03997286552059	7.40920031293735	5.66405639766403	6.06717100091029	7.4148866969455	7.34702707245823
"CLCdnPW10_11437"	5.98195130140688	5.99401414449234	7.43078671719585	0	4.80205048851136	7.7455309741823	8.33613350630302	6.46842967234575	6.07161259324387	5.54867383091119	6.61434071029428	6.46381429002014	6.43855266771159	6.27620188211771	7.22270730400622	6.53487884505249	7.94961292079845	7.26938282635258	7.61311211636219	7.24950868174772	6.11210661591619	6.21041304154579	6.80217069404245	7.86226205419064	6.79774676024715	7.33541513285054	5.29927183691551	4.84803408001781	8.28584282321186	8.32730263513083	7.41584928511717	8.02285794341514	7.1767544742942	7.01143816856818	6.18825473637506	7.39490837799119	5.35593819718969	7.32364355319093	7.16861461423087	7.07221301249426	7.10209292202225	5.66862150929137	7.12485388217347	7.052532650545	7.89203454762042	5.61387851147322	8.02182121402443	7.36896196867168	7.70848883923451	6.84764330475736	5.56988728908519	6.67526199443287	5.67851342169398	8.04074576180872	7.79546374189435	7.48635348672462	8.04316956235747	5.95100661864607	6.79334238581305	7.34683643626051	7.64259347347943	7.29726922850474	7.28651463443626	7.21264896228711	6.7727228626235	7.22289907130211	7.1817246171034	8.29513883592044	7.79355970371605	7.25993801532297	7.11336557892225	7.39605552628993	7.23557105286058	7.60245473636741	7.37384213488008	7.46493801605395	8.05207076440757	7.3442747719412	6.68890090725492	4.43829682416548	5.34736517257225	8.18477831893277	5.46852511381597
"CLCdnDe6_4953"	5.25842180227919	4.02846603360472	5.72999090349793	4.80205048851136	0	8.34748340402562	8.69959211661349	8.09438333454096	5.97891270635321	6.31897664948381	7.45584368112125	7.21321230123268	6.60319389309719	7.0370236077346	7.27895914180139	6.24439150933374	8.35058777589976	6.65305551246361	8.80746956150946	8.38634431596977	6.50942854697147	6.45136824798629	5.03708181268446	8.60758472654369	8.27377143533779	8.21448703839676	5.72921331793058	5.23672907284803	8.80166841976388	8.51228963699535	7.6006697811905	8.1398250126206	7.8269666593684	7.08857487795953	6.26468761789797	6.74672783784515	3.82027082566355	8.20051667248288	7.90570385333059	7.63714512706143	7.21623029341997	4.97058979474119	7.59877419726145	7.59732283222178	8.42257968226208	4.92747886634318	8.41980471715813	7.90657301785566	8.01717587967238	7.37212379873714	7.34294455225316	7.26722980356693	6.44101217301795	8.28644530244207	8.17592947108143	8.21476420968739	8.62843201551721	5.98713171945967	7.80912988255309	6.97319911950258	8.34797050122845	8.06237503153977	7.49726520170266	6.66154829877047	6.55142281468761	6.75165637055324	6.78003327783261	8.19879359289719	7.26158119468394	6.57290580531315	6.61537685988082	6.83523835262636	6.62939698246303	7.05031069969174	6.95212562692797	7.81782124406561	8.64512254117426	7.82807555164352	7.82360702063636	4.51034969466381	4.68652930270922	8.3480547221893	5.47505268689136
"CLCdnPW12_1472"	7.66441355739198	7.57437689783966	6.85407475623254	7.7455309741823	8.34748340402562	0	5.80181962534998	5.50526138031791	8.32464107906784	6.95114043729457	6.43743943171534	6.19083816981276	7.36620517456542	6.59670915113308	7.43777368552247	5.98441018321253	4.46151919272883	6.07652075928871	4.17840003250455	4.1826809287778	5.81449318093697	5.60366606076317	7.76768268364947	4.38175434558545	6.03255717813444	4.79701418979321	7.02458588779976	3.80281943559714	5.165074354081	5.03894761886709	5.78294197037517	5.90987327518217	6.65905536737258	6.37973512504119	6.07225238057705	6.90478835788208	7.67145028213166	6.40132531774912	5.3385938906909	5.79043729448926	6.01363962271057	6.78614856460914	5.42778246520841	5.18801487164852	5.12262001253852	6.87902271981629	6.11052949686649	4.94030012080817	4.97508964210078	7.0296565469577	6.15389714583135	3.55247283532071	5.75825662584274	5.61791511761329	5.79503458218054	5.26937881443877	5.31993380029237	8.36132426834074	3.66372348385308	5.69720703540476	5.89550231619062	5.91122534309761	5.24699054274938	5.08306188481802	4.7292653052436	5.28763017522388	5.3756222286699	6.03975706607865	5.7854712057387	5.33689662411408	5.33824382500703	5.57790742272996	5.37124341600198	5.87475096726785	5.47833458643747	5.97403079813897	6.23584620368861	5.80347805784486	5.80841349687738	7.7048471689349	7.29823583082997	4.61199645680968	7.05061686073555
"CLCdnPW49_8560"	7.17432963846378	7.75024737722257	7.33352593257523	8.33613350630302	8.69959211661349	5.80181962534998	0	5.82538160425953	6.8811160167179	6.4961139349734	5.76823101919109	8.25473943293092	5.88772624256595	7.48864414552698	4.50353733370388	7.09597231760168	4.6068249088629	7.29313072993593	3.93228940466804	4.36345772126367	6.93499904448779	6.98260433147796	6.47214087143636	4.71662002215955	5.04961442240169	6.66962462304378	8.53309198362607	6.24944768742792	3.7187013910245	3.9797059925098	5.99819632510067	3.97648105446131	4.69545688979071	6.23767690270497	6.74258689996798	5.85575155465723	6.4964466478154	4.69617777556771	4.82618643189471	6.36218416837679	5.34769000605227	5.75933705815756	5.30169804733812	4.37765796036323	4.27469819986616	6.51016815600712	3.8899927782781	4.83861327323365	6.10019963907843	5.75617998779008	5.46143014805387	6.06883076710357	7.67729354504957	4.79805116306304	5.6690256395183	4.73702707134375	3.18857910752224	5.71678081612213	5.1921773367361	5.43705059624289	3.18476203573592	5.32637706743738	3.56257875246886	4.31877278102534	5.83602001880098	3.99521206779713	4.30984172032841	3.16070329477779	3.72767888641328	4.06470481370857	4.46504264232453	4.04656370337483	3.84180425433596	3.91768195185981	3.5771830836559	4.09295936881994	3.39762492008475	5.5986470638451	6.18918129762512	7.99564783841505	8.48110762727474	4.79336837909538	7.20473550143896
"VdnPW4_18801"	7.45518730655918	7.87745988147591	8.61775352772534	6.46842967234575	8.09438333454096	5.50526138031791	5.82538160425953	0	6.51151937934237	6.32146261935182	4.9224262797275	5.01937038605228	6.5192283408448	6.14017536136117	6.93239568110755	6.48390816523424	5.84454967600613	7.51154668851216	4.85936345358094	5.21733288291637	5.52809910583357	7.65207816510962	8.57527535938365	4.77847250598114	4.14882631696135	5.02383682367288	6.84055508975441	3.52999092288166	5.898318778827	5.95757628802509	6.8598099694409	6.14848461584723	4.69052194400143	5.99296244253879	5.33987763551962	6.28771844795975	7.20111893727781	5.66971885478384	5.38760111585328	5.16956161283098	5.72721089971911	6.88757060546762	5.46873832008869	5.17963016074805	5.49987639550487	6.28206818244205	5.33181629073649	5.65928124225941	6.17011507414826	4.68336592517662	4.1159985067856	5.76225220019701	6.06136010078862	6.80211342807556	6.92505389913083	6.24688672982622	5.20337431356764	6.26809078847733	5.35959490824051	5.70064147171131	4.16721632913414	6.46635753605665	4.98651858439672	5.76126142443785	5.89903595102021	5.67318171315816	5.95652329246652	6.29680596595066	5.88385063591284	5.89516832798196	5.48523155005821	5.8252040741239	5.74664729753123	5.87776417096299	5.6902086322985	5.52541946185394	5.5433659855226	4.97236703883768	5.91929636607606	7.23997504558	7.66807816932567	6.1619209644823	5.44015254929265
"SdnRY1_10712"	6.9919014311119	6.67174621034349	7.29140853507299	6.07161259324387	5.97891270635321	8.32464107906784	6.8811160167179	6.51151937934237	0	6.88051682775022	6.3733571688822	8.14639289978507	6.43907687192029	7.3848624483	6.08951515851083	6.49928787900578	7.83454852293516	6.95541002035019	7.99521162578744	7.85715699961053	7.54356972013365	7.47995540419506	6.13237754982483	7.95651150591348	7.00010896587041	7.28072982325035	6.03097814596632	6.44397561167367	7.24744661672515	7.05151021380348	6.79084868684059	6.29392196480186	5.91920830283	6.4695580469944	7.23465627421732	6.02318186049733	5.23946465868369	6.50481250895567	7.24121264926954	7.85642739179134	6.33390936776471	5.47935360830197	6.70383863884587	6.67307976903893	6.9644984532532	6.4537837823514	6.65984954970251	7.09413605859479	7.65415654743521	6.23170928085696	6.99961694803789	7.03337631454287	6.93710460322385	7.18218563367253	7.42780452371183	7.26397870283584	6.47305373520901	4.98327555673957	7.42502193149922	5.18191344250268	5.72572573664301	7.96849964332506	5.35408315325812	5.80156432170093	6.17100622531649	5.67156049967992	5.59420981286672	6.47610621470512	5.91584314696462	5.71249993746301	5.86399487249124	5.6599883683309	5.62110843109751	5.86045549912069	5.71447238072524	6.06185124916789	6.2196906655402	7.14672880032747	7.79921318567036	5.64118055339412	7.20869348939484	8.05882793866035	6.22683193189898
"CLCdnDe2_311"	6.93840739050672	6.35359722406667	7.21441721408667	5.54867383091119	6.31897664948381	6.95114043729457	6.4961139349734	6.32146261935182	6.88051682775022	0	7.08803664187062	5.80165272236493	5.52311272134973	7.6040384963506	7.19364066928163	4.90099139270909	6.98941255739897	6.08668844084789	6.62095842628754	5.95710916221555	5.94423108543395	6.51745973879911	5.55119228164024	6.99649708424626	6.64433694555815	6.73348147363754	5.76836338613696	8.50560800096415	7.20472258090584	7.02570055999792	6.15894254536753	7.02875998236586	6.91508344769931	6.9489828448661	5.56256590984513	7.03298316181141	5.40338571214205	7.53792159943253	6.67183187692263	6.85975740641529	6.84309165322378	5.71580747150857	6.11329303357734	6.39791001897516	6.74137880843716	5.38055926283689	7.09096628275707	6.62644737086299	6.77868249922034	6.87821618562611	5.87999830425372	6.99136975605227	6.98153276314571	7.22640800337302	6.9754093378766	6.75992666600655	7.36441042278561	5.90552606647718	6.36818875008612	7.18614427903829	6.87095846489948	5.84991547857165	6.60388639832584	6.4828593887108	7.05536963825408	6.52149977957699	6.51211426881209	6.97634095075393	6.64631019850582	6.45742256343249	6.54927269920074	6.50457370847714	6.34412253989164	6.41117093152478	6.45041362343561	7.19811390665041	7.22686047869107	7.11469107308282	6.87107421690873	5.78794713653302	5.57923763675159	7.36309709287831	6.01193194141083
"CLCdnDe13_63179"	7.38132560506133	8.16523190359175	8.02442096984436	6.61434071029428	7.45584368112125	6.43743943171534	5.76823101919109	4.9224262797275	6.3733571688822	7.08803664187062	0	7.67174251094052	5.41646268772278	6.60109538231863	5.52802299799571	7.21093385939097	6.27912298453248	7.44978611568463	6.08827184638369	6.39819302138424	5.9930308060416	8.17965462177861	8.76611449542316	6.01048648093387	5.25579290370567	5.62350758926537	7.55062790747908	4.19331363401743	6.21797970003855	6.11824564141593	6.87598018945245	6.15630784386822	5.0437729400364	6.28644759927465	5.85835445233487	5.38285092340533	6.80145092327015	6.16658587838687	6.06333295361367	5.57912264124916	5.84403180554424	6.40343100744345	6.32546528304087	5.57396700956045	5.90940628318041	6.39468082092279	5.61363203472167	6.05677148634525	6.2482509960761	5.34170279072316	4.4958406986832	5.30412858257402	5.35709095982587	6.66077670517565	6.65298347489643	6.43128622662074	5.64345502883325	6.60536477568915	6.0522275178343	5.20713018302159	4.85161736339522	6.64548537562495	5.04506481328376	5.00782933544999	5.31204706818871	4.93645897902755	5.08399554622226	5.26189334054774	5.18772182764899	5.12387712977533	5.14548527208832	5.09832612893697	5.04277472603286	5.29806762795887	5.00140224661358	4.45351439474373	5.40995784682835	4.66349638929845	5.42624825735476	7.15332514987614	7.85008691437995	6.50762384930397	5.89955157572305
"CLCdnDe10_24187"	4.99105745876258	6.28418492989548	6.00079564415157	6.46381429002014	7.21321230123268	6.19083816981276	8.25473943293092	5.01937038605228	8.14639289978507	5.80165272236493	7.67174251094052	0	7.5435411261594	6.42024920468285	8.24065240536656	6.83934544289805	6.50095850055064	8.63490626594906	6.20408749081673	5.74240489538024	6.85036871817378	5.95558258347741	5.21382091195377	6.03209068215715	6.57501936835708	6.40098389547671	5.30949684839103	NA	7.54630773938024	7.69712074888117	5.94259238856832	7.78370566436355	7.64570161875906	5.81468340155544	6.6723774094991	7.48020213705006	5.4743820635684	6.60904812361827	6.22179472571625	6.76662090481886	6.32818038529694	4.81431527302757	5.92781530550713	6.23691852920961	7.25943121361149	6.20979265094211	7.44777228987844	6.38754729668443	7.21516811422755	7.06084098673952	7.34808906297754	7.0682721909319	5.27147024777549	7.56208059611376	6.72090372082698	6.72304117191555	8.14942651510095	6.11742226748662	5.41921063543039	9.10788784762422	7.8391881679337	4.83971506996046	8.11151372848592	8.59040806640787	7.99632558198538	8.4402497911588	8.79091583965216	9.27622996956057	8.93751393161879	8.41645285940573	8.00745616405541	8.71320585360784	8.35267106400202	8.72176905012852	8.61045632664212	7.67749518179482	8.15809883028928	7.16573812048897	6.19946255033203	7.8218297583329	5.76380504647813	6.97675879734428	8.02768521288731
"TDe_comp110944_c2_seq4"	7.81402513504039	7.29062512084542	6.97054331436158	6.43855266771159	6.60319389309719	7.36620517456542	5.88772624256595	6.5192283408448	6.43907687192029	5.52311272134973	5.41646268772278	7.5435411261594	0	6.01497460973277	5.70891527837847	5.91071335746124	6.74921257986026	5.77576664007032	6.53348384458424	5.55642547856743	5.81792342683034	7.25969037562624	5.80166907416742	6.41191232550762	5.85843792832632	6.15175346768353	7.35179659103717	8.53729887515967	5.80967760429534	5.53563038710202	5.84201423875636	5.6359819242122	5.37453681084281	6.25065474992201	5.57782704817747	6.60619567745495	6.41877335703955	6.4251590719486	5.78972514541605	6.00584382610332	6.59296325044452	6.59563306587657	5.69141948617056	5.41186041133319	5.93448824881934	6.39785905856957	5.87750763179085	5.91713802593477	5.97454463043124	6.32160219154659	5.73553300980225	6.11689582469216	6.72771763930381	5.90724533686931	5.10853027497471	5.66675797488701	6.43196604467657	6.48998512282779	6.33170753871784	5.94859846014207	5.52919336069485	4.4168377389627	5.85565784326548	4.89979400877805	5.61878360169237	4.66195468670698	4.51432336355703	5.05373548635077	4.75894216149195	4.68381180386896	4.98178844203044	4.66097500760273	4.59113025905562	4.62987529445453	4.69007280525054	4.6274901979093	4.83098497334204	4.55114165887813	4.81111885803528	7.0695019179395	6.92394300528897	5.90448869262158	6.14285691844951
"CLCdnPW48_15164"	6.58392587385317	6.87867889002737	6.26327135586654	6.27620188211771	7.0370236077346	6.59670915113308	7.48864414552698	6.14017536136117	7.3848624483	7.6040384963506	6.60109538231863	6.42024920468285	6.01497460973277	0	7.90046127544587	6.69576090447651	7.32883028144219	6.5273408103353	6.99162984876266	6.37709900340408	5.15253975231113	6.97008665413305	6.77651849998697	6.60751286319657	6.25227917026682	5.43170678044986	6.86424964645011	4.89198005555964	7.57347999974278	7.6801720425503	7.6447606113775	7.52167511639161	6.28290099634242	6.82449992149339	5.67644125603017	7.36775703412524	6.99582154028582	7.4795001018347	6.70135735651209	6.198865764577	7.25523941328199	7.32421631469031	7.04548779489055	6.57296191701749	7.3585299917358	6.64712951649329	7.34310801214709	6.80118268722271	6.79294312619448	6.94309340751748	6.25359652315094	6.10982129867428	5.54679124440662	7.55808065649345	7.60610767354959	7.28322910878731	7.26871477130215	7.65935161136869	6.45401096436381	5.9578953124238	6.57946170619392	6.34609648348551	6.43311463868064	6.08683706569984	5.67428303796073	6.18054206617789	6.29508306582014	7.01542386525861	6.79655895854345	6.30590360945393	6.12616168621381	6.44794077571686	6.29169737722184	6.74687677761194	6.44325128800337	6.683837436202	7.0939341457289	6.08434954769681	5.90499615817336	5.6119329093311	6.57067393415748	7.15932953158725	5.5124114984583
"CLCdnPW31_956"	6.64699491420569	7.86054408477961	7.63664488974895	7.22270730400622	7.27895914180139	7.43777368552247	4.50353733370388	6.93239568110755	6.08951515851083	7.19364066928163	5.52802299799571	8.24065240536656	5.70891527837847	7.90046127544587	0	7.33223903850365	5.37590682795539	7.04900206127916	5.86626328869051	5.91669316214939	7.04737771133538	7.57402438174913	5.55035467531737	6.14041173107753	5.28229008536202	8.18584235913932	7.97823077752167	6.90062639883726	4.69073267401709	5.41415220000979	6.53605013099409	3.92621381740868	4.35864056404014	6.17689899614105	7.2761484017446	5.45399856249179	6.43348255682725	4.21726275276312	4.75528655209658	6.26213321897388	4.34918307676794	5.41593092443277	5.4313723942468	4.24668856906784	4.72692784075751	6.15184695779932	4.00071410804886	4.77176103004615	6.69360311115129	4.99421449328499	5.53534783565262	5.96417606637663	7.38761756072869	4.88191593025995	6.32828223357908	5.08000661074378	4.99074702084347	5.67548632892722	5.68648216241559	6.47242508144784	4.9065237576627	6.37478360971527	5.16612539509118	4.83584331130943	6.00834484372997	4.4953423229572	4.60824225145373	4.8662644718469	4.3563288273185	4.5919739753767	4.88103336887119	4.53693089394619	4.39991398203267	4.51988465309221	4.33155690392707	4.48195704674262	4.67461378465615	6.50753098384312	7.17426806093756	7.77549825195556	8.24061659006851	6.21245662849559	7.46987041695247
"VdnDe1_162036"	7.16695772115216	6.07188012005797	6.33378213823602	6.53487884505249	6.24439150933374	5.98441018321253	7.09597231760168	6.48390816523424	6.49928787900578	4.90099139270909	7.21093385939097	6.83934544289805	5.91071335746124	6.69576090447651	7.33223903850365	0	6.89633155230514	3.15586856629763	6.63947961324396	6.74177785788631	6.07200717598445	6.02285131783014	5.90608692656442	7.28659304038124	7.45990466829209	5.44008953054481	5.78803754528807	5.95493699292208	7.08341010292109	6.9254795784677	6.52282712407236	6.80545941451451	6.96181527856156	6.65102660709452	5.66250182193589	6.08728374361197	5.75016909610996	7.78840208987495	7.01521848961256	6.97704126073663	6.74113411172746	6.13934423746537	6.05620915128492	6.51456652601395	6.81021836299501	6.67107212278499	7.13386324650386	6.57677695773066	6.12271948950706	7.1697370400841	6.31001950411873	5.27817808011279	5.39172463815452	7.1955736795535	6.7448127428385	7.06078416765301	7.1742598612568	7.74455663005027	6.3972443544091	5.5057415044777	7.01893627503284	6.82293585715896	5.68851903928864	5.04644112248416	5.36031123994868	5.29220723122293	5.18878810474358	6.96594562216596	5.57992681478327	5.24870854092222	5.32319993603531	5.19233622045693	5.22476004356939	5.42404947908433	5.49189365591415	6.90846633007893	7.19168033134088	6.89609336644329	6.87127455749397	5.49432012052949	5.36927993793089	7.01071118271835	5.77986351078406
"PBdnRY1_2239"	7.41551919367259	8.30018303958116	7.28590708392888	7.94961292079845	8.35058777589976	4.46151919272883	4.6068249088629	5.84454967600613	7.83454852293516	6.98941255739897	6.27912298453248	6.50095850055064	6.74921257986026	7.32883028144219	5.37590682795539	6.89633155230514	0	6.68996023873707	3.61427925667275	3.50750241425204	6.75842856815298	6.49475239717919	6.88765689806026	2.99896336526619	4.63755902308713	6.33972322476787	7.77577134058168	3.99066695287461	2.93128099141485	3.79576102342404	5.75961075757764	3.9194001354186	4.99866466359549	5.41047287530767	7.0978010567169	5.9246326181493	7.40131052606575	3.68463704658292	3.57746934200914	5.64700677929675	4.00199106564112	5.84579818721709	4.75615459562947	3.62752913808623	3.89174903185382	6.38501727333789	4.06121427110596	3.54597784519126	6.04720386285894	5.80900791715506	6.30154836121077	5.5106188752461	7.06836258757362	3.59301085761408	5.7561677785529	3.6957864397772	4.45332134547485	6.98731666094741	2.822486473642	6.50783464677701	4.94819366064579	5.11969962604682	5.29267629651456	4.68827233509183	5.34923305613401	4.49771809284777	4.77308064708461	5.09301867744654	4.6545962985219	4.51574409924163	4.69342641916551	4.70501744843491	4.45106360118656	4.72688703377323	4.44650669191203	5.23353786814595	5.21652844408868	6.30951803828912	6.32407454460128	8.72683460805519	8.44194655757021	3.80027607259191	7.64162505477062
"CLCdnPW22_15452"	7.99290563389317	6.95155427720983	6.72628226079737	7.26938282635258	6.65305551246361	6.07652075928871	7.29313072993593	7.51154668851216	6.95541002035019	6.08668844084789	7.44978611568463	8.63490626594906	5.77576664007032	6.5273408103353	7.04900206127916	3.15586856629763	6.68996023873707	0	6.91924362291528	6.31991113789061	6.49487944580703	6.00300084791217	6.34779159891677	7.08660455285255	7.55622001004602	5.61434247847222	7.00773470201911	6.33011990143729	6.79979187876515	6.80886693270726	6.75501480408732	6.48527290379791	6.67526305129967	6.4252752532485	5.92694237279475	6.3813314945979	6.48412367648786	7.54098738073065	6.6413633803658	6.60476481177695	6.5165983186469	6.30259152408609	6.22975055911625	6.20516036807234	6.4338935476233	7.18409571029152	7.00918610336032	6.17337705002682	5.85085848686358	7.40782397609764	7.18120659195008	5.07672483081059	5.83423690855193	6.54274329704179	6.24377931944916	6.63564229773604	7.22837678102813	8.42191789312076	6.02913169970991	5.7367977189138	7.1714510688493	6.321182898037	6.26684422563246	5.10330295634458	5.3092495418813	5.39883190365131	4.91026887299648	6.84140718702237	5.63728227974789	5.42736577612569	5.83287119516805	5.3132345597119	5.37849185593201	5.54422155797611	5.61252518147482	6.80384745411956	7.10719262671413	7.00020375959795	6.8408747750144	6.80673813007261	6.26320632809269	6.49139334980129	6.65449254298374
"VdnPW3_37011"	7.78132442831804	8.38932913377502	7.85230386143118	7.61311211636219	8.80746956150946	4.17840003250455	3.93228940466804	4.85936345358094	7.99521162578744	6.62095842628754	6.08827184638369	6.20408749081673	6.53348384458424	6.99162984876266	5.86626328869051	6.63947961324396	3.61427925667275	6.91924362291528	0	2.67910739971921	6.58815964063858	6.35347222158324	7.58713687729777	3.89403862514601	4.79012482529619	5.33860516016253	7.36104665119179	4.39117488435151	3.74323023712768	4.69544076111729	5.87413272146921	4.36685816476312	5.00638225691742	5.54616293856194	6.61762732653098	5.76299488944504	7.73057245739582	4.00176523919745	3.71624517942851	5.1979088628214	4.30374374102092	6.13255104923257	4.19457522645732	3.45760659088699	3.36138150339305	6.78261706326024	3.73230928982556	3.3833944591697	4.67799441398873	5.25071392324183	4.64572483227661	4.90642633151704	6.62120675145751	4.18122058784873	4.9292927588215	3.80356453986373	3.96140182896263	6.85995518350488	3.59501480436699	6.76105367625287	4.19337685141086	4.4665843856465	4.61141343901283	5.37161615603094	6.13390463155137	5.21919543511972	5.33994389575434	5.04900631267661	5.1796335509212	5.3258801067577	5.40653241943886	5.31573859187399	5.18742230090498	5.29603829722268	5.06336758044891	5.23505813626552	4.65914546270209	5.74445389586608	5.36764055617157	8.21213215867968	7.81297616062361	4.04833678072208	6.97287483486825
"SdnPW1_46"	7.75007950810534	8.42762345769322	7.43093982809759	7.24950868174772	8.38634431596977	4.1826809287778	4.36345772126367	5.21733288291637	7.85715699961053	5.95710916221555	6.39819302138424	5.74240489538024	5.55642547856743	6.37709900340408	5.91669316214939	6.74177785788631	3.50750241425204	6.31991113789061	2.67910739971921	0	6.26672087808103	5.65298794705375	6.25581867310252	3.34113705365823	4.27144206895497	5.09837038807758	6.89278364975099	5.85888649734183	3.62656986240589	4.44267248288224	5.22979917412432	4.40679138397874	5.01723675076805	5.85557712902229	6.04975967270768	6.7607160236842	7.52807592665569	4.39312882173339	2.75586329187562	4.60156191862051	4.69670451383426	6.33400046475341	3.84525748357962	2.89668735107243	3.07547523815061	6.37013617211295	4.07488951636101	2.74341192361578	4.39247597274749	5.59948499517588	5.37483527189876	5.15205171289804	6.76946049525271	3.41347917245391	4.41504903114014	2.78487321850479	4.60285999759861	6.73772423037203	2.47167222457262	6.83087454593989	4.63740596702056	2.82990975249232	5.42095265945195	5.5444318950873	6.12741600259342	5.39183389457719	5.37960449799413	5.02024529428902	5.52121677032863	5.47583822086343	5.80768726368823	5.60640117420828	5.34992286335537	5.60706784332782	5.2978475776783	5.25081964817121	4.82211716473278	5.74593152665585	4.99049744299576	8.06786983172841	7.27321073782471	3.7682783403787	7.3176343934713
"VdnDe2_53978"	5.93527788727947	6.15736438699581	6.54222043955431	6.11210661591619	6.50942854697147	5.81449318093697	6.93499904448779	5.52809910583357	7.54356972013365	5.94423108543395	5.9930308060416	6.85036871817378	5.81792342683034	5.15253975231113	7.04737771133538	6.07200717598445	6.75842856815298	6.49487944580703	6.58815964063858	6.26672087808103	0	7.96029151752912	6.83882660829694	5.42820878266579	4.95706921776667	6.28079664291273	7.01477925745541	5.08127062541084	7.19909319933892	6.96774029377085	6.92306191707517	6.75696884077421	6.06991732797762	7.46164512527091	5.10885027910196	7.05988536366512	6.9410286083517	7.49069625825097	6.63762951223087	6.09342749024935	7.21047854562647	7.24579409170045	6.98845620644963	6.29234846650288	6.9895201789074	5.92261364377852	7.08135517621305	6.88129594702455	6.62823131121712	6.78100656283916	5.39957291077086	5.5334329016863	6.30029422646128	7.54321714826618	7.64307132259744	7.25408009206369	7.04813184001492	7.20997519413313	6.46837001728402	5.95953753148977	6.35267587616263	6.7138925921366	6.10573331358143	5.13655522504975	4.67688029060837	5.31913610705277	5.47540007429003	6.34504518114944	6.01193210148272	5.51562426914932	5.1803247335602	5.66331152518725	5.46312788311959	5.8742613216168	5.51050872685752	5.6116598717682	6.47464433381868	5.0554806429902	6.10344157954686	5.65469356647067	6.69657632124667	7.52304334795618	4.80224152658391
"CLCdnDe7_6144"	6.86202641052723	6.33717442143136	6.25330670573327	6.21041304154579	6.45136824798629	5.60366606076317	6.98260433147796	7.65207816510962	7.47995540419506	6.51745973879911	8.17965462177861	5.95558258347741	7.25969037562624	6.97008665413305	7.57402438174913	6.02285131783014	6.49475239717919	6.00300084791217	6.35347222158324	5.65298794705375	7.96029151752912	0	5.33578661906633	7.35406274942567	8.1080288581762	6.62225332797338	5.77938747520125	6.24074250689164	7.06171471271597	7.12403930003609	6.78854910629287	7.33322945572026	7.80758855787524	5.69070050440377	6.3274351026071	7.11946291730197	5.64463958487315	6.97144446462367	6.28505743464734	6.95784309962379	6.25566412277638	4.92823942305837	6.09608666414345	6.24460240017641	6.41478173268916	5.50433872646176	7.3222441347684	5.70014976886781	6.02276741289615	7.41297438020207	7.1405317771329	5.76968090337725	5.72832688353926	6.37131109093627	5.91958320127432	5.99460834425218	7.36646273223857	7.15098910625153	5.0926802240699	7.23104731397708	7.66877423643584	6.08744326992983	6.79437899810604	6.90649823735231	6.88788202323818	6.97990784270472	6.89830911841686	7.57333379250504	7.2787475367505	6.8375739159325	7.11097086846905	7.10713067142693	6.79982644405189	7.2785116587923	7.07181192857841	8.01860189227797	8.06477205966631	8.1621651128606	7.41907801002825	6.37635355429499	4.70688574738587	5.66917300763139	7.56958123175511
"CLCdnRY10_6741"	4.59021144429689	3.72632627764703	4.3901805548001	6.80217069404245	5.03708181268446	7.76768268364947	6.47214087143636	8.57527535938365	6.13237754982483	5.55119228164024	8.76611449542316	5.21382091195377	5.80166907416742	6.77651849998697	5.55035467531737	5.90608692656442	6.88765689806026	6.34779159891677	7.58713687729777	6.25581867310252	6.83882660829694	5.33578661906633	0	7.69533820014429	7.2286371060478	8.91263458229336	5.49343458330206	7.45083372986619	7.04670092890181	7.7127589478905	6.10277926807606	6.23508237960937	7.05509811331713	6.8471728828963	7.20800634321371	7.00491761423377	4.15826055142735	6.46046129781847	5.70753353340831	7.69792056619962	5.61045384880282	4.00206869616675	5.66292864813922	5.71896234767247	6.43433438200202	4.25207053847534	6.78433157373636	5.43946955825844	7.07325257058609	7.09507418093776	8.09423849749846	7.26659241703939	7.68471076269138	6.1656646486205	7.13869110833962	5.80704739201781	8.06008538334988	6.1807178405673	5.91141856651273	7.82512990097354	8.06217950133671	5.53129441577508	7.19727880865874	6.89995134819955	7.13102193350281	6.84418692046918	6.96888013116174	7.52641157794167	7.29277079133182	6.75161222522786	6.76393876750974	7.03122867319564	6.65250635521245	7.125421436585	7.01710992732794	7.4075082607317	7.56255264688893	8.39989124197303	8.01671637856966	5.27296584824641	5.07688224564365	7.46038757982937	7.51064324266521
"PBdnRY1_5389"	7.52346935393678	8.42785251250652	7.64518027329482	7.86226205419064	8.60758472654369	4.38175434558545	4.71662002215955	4.77847250598114	7.95651150591348	6.99649708424626	6.01048648093387	6.03209068215715	6.41191232550762	6.60751286319657	6.14041173107753	7.28659304038124	2.99896336526619	7.08660455285255	3.89403862514601	3.34113705365823	5.42820878266579	7.35406274942567	7.69533820014429	0	3.03235950521136	5.77351602345848	8.00581103574773	4.7214300696522	3.66957443451856	4.24129484366178	6.10391528457115	4.3690405363721	4.53770653979755	5.97249528972722	6.09215840846219	6.27645801231889	7.8185499974786	4.22342238921137	3.42183636368387	4.45716148341089	4.77721119286999	6.80616707145464	4.90582287592013	3.52609107536854	3.94108115139461	6.72861669574799	4.13253683035968	3.95763922700577	5.41997185560342	5.18582046805092	5.51632821698927	5.49964992108828	6.99404828152781	4.39102927117825	5.88976709412434	4.07446898083153	4.48623812348718	7.14764416424416	3.54250469859884	6.29584883896086	4.66774263112684	5.29462182687569	5.21269209661539	4.75105239599624	5.08225237990762	4.58994440958262	4.82652353589162	4.91483442329077	4.96639611283819	4.7312569878043	4.88083541994714	4.97052444592694	4.73007462531629	5.02794043684901	4.61549775728548	5.06335037039468	4.91742144787141	5.24837850125719	5.62023681806448	8.59774338730145	8.65746850229093	4.26595332271366	6.96336195953467
"VdnDe4_115100"	7.10063807768508	8.5837085973829	8.21941833109531	6.79774676024715	8.27377143533779	6.03255717813444	5.04961442240169	4.14882631696135	7.00010896587041	6.64433694555815	5.25579290370567	6.57501936835708	5.85843792832632	6.25227917026682	5.28229008536202	7.45990466829209	4.63755902308713	7.55622001004602	4.79012482529619	4.27144206895497	4.95706921776667	8.1080288581762	7.2286371060478	3.03235950521136	0	6.32067379116405	7.63082232077987	4.42770095599963	4.59899090789677	5.30274554127058	6.56270684765457	4.75066775496081	3.6401691147156	6.46996190565364	6.14991800177969	6.53025660700737	7.57402391826557	4.38662162129387	3.77892022086903	4.65599673195147	5.04303061128475	6.98214744753095	5.26700385864801	3.78796913453335	4.55413868339413	6.38974397712441	4.18283032370785	4.56856664040397	6.28906083731019	4.49926080708773	4.5434107765901	6.08980552012207	7.14072341284664	5.27224863101222	6.7691965022467	4.83206891804638	4.93548470311874	6.22215986117333	4.5100253116066	6.47517642927601	4.27279402034088	5.72289053877144	5.48472297185449	5.30202085032063	5.68390053140952	5.07033059449452	5.29599488756686	5.23298514650752	5.39176468735974	5.32889866336404	5.29379274124699	5.40836130082514	5.21579927280494	5.4506717527095	5.0351811121787	4.77901934303538	4.77921116783528	5.33323161774444	5.81965506022462	7.89616370960545	8.63136437148432	5.88958056306693	6.4261323341195
"Sotub11g025210.1.1"	8.21493655715198	8.11382820433897	7.62622770325197	7.33541513285054	8.21448703839676	4.79701418979321	6.66962462304378	5.02383682367288	7.28072982325035	6.73348147363754	5.62350758926537	6.40098389547671	6.15175346768353	5.43170678044986	8.18584235913932	5.44008953054481	6.33972322476787	5.61434247847222	5.33860516016253	5.09837038807758	6.28079664291273	6.62225332797338	8.91263458229336	5.77351602345848	6.32067379116405	0	6.78578751482069	6.56408055836658	6.53137045172306	6.50757256989949	6.91423700201518	6.91433226154198	6.16734846588433	6.15144059310696	5.1026548203773	6.41919925428467	7.39150949841853	6.97964140618932	6.04057024646292	5.45348894749971	6.65121994248467	7.14831162062932	5.72899222816476	5.74863085580368	5.69467836622009	7.230076765616	6.33000950759329	5.63083010762157	4.80896543479103	6.58253123758741	5.88788874356852	5.21224407450083	5.23480966338574	6.50244931814463	5.38179117276095	6.00456038905379	6.2297246641524	7.87882238741996	5.41221912593907	5.77439819724233	5.66576908261471	5.6510969283771	5.51764369852393	5.84780710245279	6.00925127540003	5.98757120574107	5.84308601691065	6.36142696410154	6.19318763712082	6.0820915363747	6.26721689967898	6.05048974429632	6.02328005037751	6.17269445111403	6.08367710656475	6.13704824817096	6.2702786236739	5.30256507737414	5.33870022833487	7.12332497898261	6.76031934281991	5.84469906924688	6.58037779064527
"VdnDe1_39992"	6.34008883581683	6.08697333929962	6.08084802456736	5.29927183691551	5.72921331793058	7.02458588779976	8.53309198362607	6.84055508975441	6.03097814596632	5.76836338613696	7.55062790747908	5.30949684839103	7.35179659103717	6.86424964645011	7.97823077752167	5.78803754528807	7.77577134058168	7.00773470201911	7.36104665119179	6.89278364975099	7.01477925745541	5.77938747520125	5.49343458330206	8.00581103574773	7.63082232077987	6.78578751482069	0	6.60678462122696	7.88310057511066	7.85160076418856	5.61955909209257	7.38083419216905	7.9816613358792	6.56605066891089	6.99352706490128	7.75687469378048	5.20005875852614	7.60659027240076	6.93512185083953	7.51352176979574	6.48369752987088	5.27111819965939	5.76155370286596	6.69362693354872	7.08149443442324	5.60957456609727	7.77746539447092	6.52797028617864	6.75239178431093	7.19967738676374	7.26767358335768	6.52138005631782	6.44344349292858	7.14299074008171	7.29257533226482	6.88955737151976	8.08720727914181	6.57295712849972	6.38842671017412	7.6591060342085	7.80976826214094	6.76916812912465	7.44260247266529	7.65285280842596	7.39833662392271	7.63606350294297	7.6499517716955	8.23675910527625	8.09159173316936	7.56354811611463	7.50586339349418	7.80399058574323	7.55034251835192	8.02535948846305	7.80711013132714	8.01943727100203	8.03968038483847	8.28974332211835	7.6873009809386	5.00396194299457	4.69851054444526	7.87012212983979	6.93232841911345
